INSERT INTO dbo.medium_voltage (timestamp, group_mv, subgroup_mv, voltage, [current], frequency, stand_kwh, stand_kvarh, 
thd_v_l1, thd_v_l2, thd_v_l3, thd_i_l1, thd_i_l2, thd_i_l3, active_power_kw, reactive_power_kvar, apparent_power_kva)
VALUES 
--JAN
('2025-01-01', 'MV-A', 'MV-A Trafo 1', 0, 0, 0, 0, 0, 0, 0, 0, 0, 0, 0, 0, 0, 0),
('2025-01-01', 'MV-A', 'MV-A Trafo 2', 0, 0, 0, 1431, 228, 0, 0, 0, 0, 0, 0, 0, 0, 0),
('2025-01-01', 'MV-A', 'MV-A Trafo 3', 0, 0, 0, 2, 1, 0, 0, 0, 0, 0, 0, 0, 0, 0),
('2025-01-01', 'MV-A', 'MV-A Trafo 4', 0, 0, 0, 0, 0, 0, 0, 0, 0, 0, 0, 0, 0, 0),
('2025-01-01', 'MV-B', 'MV-B Trafo 1', 0, 0, 0, 0, 0, 0, 0, 0, 0, 0, 0, 0, 0, 0),
('2025-01-01', 'MV-B', 'MV-B Trafo 2', 0, 0, 0, 1425, 226, 0, 0, 0, 0, 0, 0, 0, 0, 0),
('2025-01-01', 'MV-B', 'MV-B Trafo 3', 0, 0, 0, 368, 56, 0, 0, 0, 0, 0, 0, 0, 0, 0),
('2025-01-01', 'MV-B', 'MV-B Trafo 4', 0, 0, 0, 0, 0, 0, 0, 0, 0, 0, 0, 0, 0, 0),
('2025-01-01', 'MV-C', 'MV-C Trafo 1', 0, 0, 0, 173, 85, 0, 0, 0, 0, 0, 0, 0, 0, 0),
('2025-01-01', 'MV-C', 'MV-C Trafo 2', 0, 0, 0, 998, 34, 0, 0, 0, 0, 0, 0, 0, 0, 0),
('2025-01-01', 'MV-U', 'MV-U Trafo 1', 0, 0, 0, 906, 245, 0, 0, 0, 0, 0, 0, 0, 0, 0),
('2025-01-01', 'MV-U', 'MV-U Trafo 2', 0, 0, 0, 794, 300, 0, 0, 0, 0, 0, 0, 0, 0, 0),

('2025-01-31 23:59:59', 'MV-A', 'MV-A Trafo 1', 0, 0, 0, 0, 0, 0, 0, 0, 0, 0, 0, 0, 0, 0),
('2025-01-31 23:59:59', 'MV-A', 'MV-A Trafo 2', 0, 0, 0, 379422, 55309, 0, 0, 0, 0, 0, 0, 0, 0, 0),
('2025-01-31 23:59:59', 'MV-A', 'MV-A Trafo 3', 0, 0, 0, 245627, 14407, 0, 0, 0, 0, 0, 0, 0, 0, 0),
('2025-01-31 23:59:59', 'MV-A', 'MV-A Trafo 4', 0, 0, 0, 96534, 7902, 0, 0, 0, 0, 0, 0, 0, 0, 0),
('2025-01-31 23:59:59', 'MV-B', 'MV-B Trafo 1', 0, 0, 0, 0, 0, 0, 0, 0, 0, 0, 0, 0, 0, 0),
('2025-01-31 23:59:59', 'MV-B', 'MV-B Trafo 2', 0, 0, 0, 253709, 24310, 0, 0, 0, 0, 0, 0, 0, 0, 0),
('2025-01-31 23:59:59', 'MV-B', 'MV-B Trafo 3', 0, 0, 0, 115562, 12725, 0, 0, 0, 0, 0, 0, 0, 0, 0),
('2025-01-31 23:59:59', 'MV-B', 'MV-B Trafo 4', 0, 0, 0, 0, 0, 0, 0, 0, 0, 0, 0, 0, 0, 0),
('2025-01-31 23:59:59', 'MV-C', 'MV-C Trafo 1', 0, 0, 0, 210756, 31938, 0, 0, 0, 0, 0, 0, 0, 0, 0),
('2025-01-31 23:59:59', 'MV-C', 'MV-C Trafo 2', 0, 0, 0, 420877, 59416, 0, 0, 0, 0, 0, 0, 0, 0, 0),
('2025-01-31 23:59:59', 'MV-U', 'MV-U Trafo 1', 0, 0, 0, 211076, 28701, 0, 0, 0, 0, 0, 0, 0, 0, 0),
('2025-01-31 23:59:59', 'MV-U', 'MV-U Trafo 2', 0, 0, 0, 238040, 32705, 0, 0, 0, 0, 0, 0, 0, 0, 0),


--FEB
('2025-02-01', 'MV-A', 'MV-A Trafo 1', 0, 0, 0, 0, 0, 0, 0, 0, 0, 0, 0, 0, 0, 0),
('2025-02-01', 'MV-A', 'MV-A Trafo 2', 0, 0, 0, 9277, 1383, 0, 0, 0, 0, 0, 0, 0, 0, 0),
('2025-02-01', 'MV-A', 'MV-A Trafo 3', 0, 0, 0, 6574, 330, 0, 0, 0, 0, 0, 0, 0, 0, 0),
('2025-02-01', 'MV-A', 'MV-A Trafo 4', 0, 0, 0, 2561, 203, 0, 0, 0, 0, 0, 0, 0, 0, 0),
('2025-02-01', 'MV-B', 'MV-B Trafo 1', 0, 0, 0, 0, 0, 0, 0, 0, 0, 0, 0, 0, 0, 0),
('2025-02-01', 'MV-B', 'MV-B Trafo 2', 0, 0, 0, 3935, 479, 0, 0, 0, 0, 0, 0, 0, 0, 0),
('2025-02-01', 'MV-B', 'MV-B Trafo 3', 0, 0, 0, 2648, 324, 0, 0, 0, 0, 0, 0, 0, 0, 0),
('2025-02-01', 'MV-B', 'MV-B Trafo 4', 0, 0, 0, 0, 0, 0, 0, 0, 0, 0, 0, 0, 0, 0),
('2025-02-01', 'MV-C', 'MV-C Trafo 1', 0, 0, 0, 4600, 707, 0, 0, 0, 0, 0, 0, 0, 0, 0),
('2025-02-01', 'MV-C', 'MV-C Trafo 2', 0, 0, 0, 2800, 72, 0, 0, 0, 0, 0, 0, 0, 0, 0),
('2025-02-01', 'MV-U', 'MV-U Trafo 1', 0, 0, 0, 5079, 720, 0, 0, 0, 0, 0, 0, 0, 0, 0),
('2025-02-01', 'MV-U', 'MV-U Trafo 2', 0, 0, 0, 5461, 739, 0, 0, 0, 0, 0, 0, 0, 0, 0),

('2025-02-28 23:59:59', 'MV-A', 'MV-A Trafo 1', 0, 0, 0, 0, 0, 0, 0, 0, 0, 0, 0, 0, 0, 0),
('2025-02-28 23:59:59', 'MV-A', 'MV-A Trafo 2', 0, 0, 0, 351198, 51890, 0, 0, 0, 0, 0, 0, 0, 0, 0),
('2025-02-28 23:59:59', 'MV-A', 'MV-A Trafo 3', 0, 0, 0, 232879, 13059, 0, 0, 0, 0, 0, 0, 0, 0, 0),
('2025-02-28 23:59:59', 'MV-A', 'MV-A Trafo 4', 0, 0, 0, 91121, 7267, 0, 0, 0, 0, 0, 0, 0, 0, 0),
('2025-02-28 23:59:59', 'MV-B', 'MV-B Trafo 1', 0, 0, 0, 0, 0, 0, 0, 0, 0, 0, 0, 0, 0, 0),
('2025-02-28 23:59:59', 'MV-B', 'MV-B Trafo 2', 0, 0, 0, 232027, 23811, 0, 0, 0, 0, 0, 0, 0, 0, 0),
('2025-02-28 23:59:59', 'MV-B', 'MV-B Trafo 3', 0, 0, 0, 107501, 12226, 0, 0, 0, 0, 0, 0, 0, 0, 0),
('2025-02-28 23:59:59', 'MV-B', 'MV-B Trafo 4', 0, 0, 0, 0, 0, 0, 0, 0, 0, 0, 0, 0, 0, 0),
('2025-02-28 23:59:59', 'MV-C', 'MV-C Trafo 1', 0, 0, 0, 200016, 28816, 0, 0, 0, 0, 0, 0, 0, 0, 0),
('2025-02-28 23:59:59', 'MV-C', 'MV-C Trafo 2', 0, 0, 0, 380114, 49497, 0, 0, 0, 0, 0, 0, 0, 0, 0),
('2025-02-28 23:59:59', 'MV-U', 'MV-U Trafo 1', 0, 0, 0, 193927, 26661, 0, 0, 0, 0, 0, 0, 0, 0, 0),
('2025-02-28 23:59:59', 'MV-U', 'MV-U Trafo 2', 0, 0, 0, 221677, 30619, 0, 0, 0, 0, 0, 0, 0, 0, 0),

--MAR
('2025-03-01', 'MV-A', 'MV-A Trafo 1', 0, 0, 0, 0, 0, 0, 0, 0, 0, 0, 0, 0, 0, 0),
('2025-03-01', 'MV-A', 'MV-A Trafo 2', 0, 0, 0, 8328, 1279, 0, 0, 0, 0, 0, 0, 0, 0, 0),
('2025-03-01', 'MV-A', 'MV-A Trafo 3', 0, 0, 0, 7030, 361, 0, 0, 0, 0, 0, 0, 0, 0, 0),
('2025-03-01', 'MV-A', 'MV-A Trafo 4', 0, 0, 0, 1435, 124, 0, 0, 0, 0, 0, 0, 0, 0, 0),
('2025-03-01', 'MV-B', 'MV-B Trafo 1', 0, 0, 0, 0, 0, 0, 0, 0, 0, 0, 0, 0, 0, 0),
('2025-03-01', 'MV-B', 'MV-B Trafo 2', 0, 0, 0, 3812, 528, 0, 0, 0, 0, 0, 0, 0, 0, 0),
('2025-03-01', 'MV-B', 'MV-B Trafo 3', 0, 0, 0, 2788, 297, 0, 0, 0, 0, 0, 0, 0, 0, 0),
('2025-03-01', 'MV-B', 'MV-B Trafo 4', 0, 0, 0, 0, 0, 0, 0, 0, 0, 0, 0, 0, 0, 0),
('2025-03-01', 'MV-C', 'MV-C Trafo 1', 0, 0, 0, 4716, 657, 0, 0, 0, 0, 0, 0, 0, 0, 0),
('2025-03-01', 'MV-C', 'MV-C Trafo 2', 0, 0, 0, 2805, 76, 0, 0, 0, 0, 0, 0, 0, 0, 0),
('2025-03-01', 'MV-U', 'MV-U Trafo 1', 0, 0, 0, 5116, 660, 0, 0, 0, 0, 0, 0, 0, 0, 0),
('2025-03-01', 'MV-U', 'MV-U Trafo 2', 0, 0, 0, 5169, 698, 0, 0, 0, 0, 0, 0, 0, 0, 0),

('2025-03-31 23:59:59', 'MV-A', 'MV-A Trafo 1', 0, 0, 0, 0, 0, 0, 0, 0, 0, 0, 0, 0, 0, 0),
('2025-03-31 23:59:59', 'MV-A', 'MV-A Trafo 2', 0, 0, 0, 338054, 57824, 0, 0, 0, 0, 0, 0, 0, 0, 0),
('2025-03-31 23:59:59', 'MV-A', 'MV-A Trafo 3', 0, 0, 0, 220065, 11963, 0, 0, 0, 0, 0, 0, 0, 0, 0),
('2025-03-31 23:59:59', 'MV-A', 'MV-A Trafo 4', 0, 0, 0, 82388, 6591, 0, 0, 0, 0, 0, 0, 0, 0, 0),
('2025-03-31 23:59:59', 'MV-B', 'MV-B Trafo 1', 0, 0, 0, 0, 0, 0, 0, 0, 0, 0, 0, 0, 0, 0),
('2025-03-31 23:59:59', 'MV-B', 'MV-B Trafo 2', 0, 0, 0, 221906, 26366, 0, 0, 0, 0, 0, 0, 0, 0, 0),
('2025-03-31 23:59:59', 'MV-B', 'MV-B Trafo 3', 0, 0, 0, 101563, 11703, 0, 0, 0, 0, 0, 0, 0, 0, 0),
('2025-03-31 23:59:59', 'MV-B', 'MV-B Trafo 4', 0, 0, 0, 0, 0, 0, 0, 0, 0, 0, 0, 0, 0, 0),
('2025-03-31 23:59:59', 'MV-C', 'MV-C Trafo 1', 0, 0, 0, 202232, 29458, 0, 0, 0, 0, 0, 0, 0, 0, 0),
('2025-03-31 23:59:59', 'MV-C', 'MV-C Trafo 2', 0, 0, 0, 385622, 51677, 0, 0, 0, 0, 0, 0, 0, 0, 0),
('2025-03-31 23:59:59', 'MV-U', 'MV-U Trafo 1', 0, 0, 0, 204850, 29164, 0, 0, 0, 0, 0, 0, 0, 0, 0),
('2025-03-31 23:59:59', 'MV-U', 'MV-U Trafo 2', 0, 0, 0, 218443, 30470, 0, 0, 0, 0, 0, 0, 0, 0, 0),

--APR
('2025-04-01', 'MV-A', 'MV-A Trafo 1', 0, 0, 0, 0, 0, 0, 0, 0, 0, 0, 0, 0, 0, 0),
('2025-04-01', 'MV-A', 'MV-A Trafo 2', 0, 0, 0, 972, 252, 0, 0, 0, 0, 0, 0, 0, 0, 0),
('2025-04-01', 'MV-A', 'MV-A Trafo 3', 0, 0, 0, 0, 0, 0, 0, 0, 0, 0, 0, 0, 0, 0),
('2025-04-01', 'MV-A', 'MV-A Trafo 4', 0, 0, 0, 0, 0, 0, 0, 0, 0, 0, 0, 0, 0, 0),
('2025-04-01', 'MV-B', 'MV-B Trafo 1', 0, 0, 0, 0, 0, 0, 0, 0, 0, 0, 0, 0, 0, 0),
('2025-04-01', 'MV-B', 'MV-B Trafo 2', 0, 0, 0, 443, 149, 0, 0, 0, 0, 0, 0, 0, 0, 0),
('2025-04-01', 'MV-B', 'MV-B Trafo 3', 0, 0, 0, 0, 0, 0, 0, 0, 0, 0, 0, 0, 0, 0),
('2025-04-01', 'MV-B', 'MV-B Trafo 4', 0, 0, 0, 0, 0, 0, 0, 0, 0, 0, 0, 0, 0, 0),
('2025-04-01', 'MV-C', 'MV-C Trafo 1', 0, 0, 0, 488, 264, 0, 0, 0, 0, 0, 0, 0, 0, 0),
('2025-04-01', 'MV-C', 'MV-C Trafo 2', 0, 0, 0, 1632, 82, 0, 0, 0, 0, 0, 0, 0, 0, 0),
('2025-04-01', 'MV-U', 'MV-U Trafo 1', 0, 0, 0, 265, 188, 0, 0, 0, 0, 0, 0, 0, 0, 0),
('2025-04-01', 'MV-U', 'MV-U Trafo 2', 0, 0, 0, 213, 174, 0, 0, 0, 0, 0, 0, 0, 0, 0),

('2025-04-30 23:59:59', 'MV-A', 'MV-A Trafo 1', 0, 0, 0, 0, 0, 0, 0, 0, 0, 0, 0, 0, 0, 0),
('2025-04-30 23:59:59', 'MV-A', 'MV-A Trafo 2', 0, 0, 0, 344305, 54043, 0, 0, 0, 0, 0, 0, 0, 0, 0),
('2025-04-30 23:59:59', 'MV-A', 'MV-A Trafo 3', 0, 0, 0, 266969, 12961, 0, 0, 0, 0, 0, 0, 0, 0, 0),
('2025-04-30 23:59:59', 'MV-A', 'MV-A Trafo 4', 0, 0, 0, 83099, 6879, 0, 0, 0, 0, 0, 0, 0, 0, 0),
('2025-04-30 23:59:59', 'MV-B', 'MV-B Trafo 1', 0, 0, 0, 0, 0, 0, 0, 0, 0, 0, 0, 0, 0, 0),
('2025-04-30 23:59:59', 'MV-B', 'MV-B Trafo 2', 0, 0, 0, 228492, 56324, 0, 0, 0, 0, 0, 0, 0, 0, 0),
('2025-04-30 23:59:59', 'MV-B', 'MV-B Trafo 3', 0, 0, 0, 104251, 16722, 0, 0, 0, 0, 0, 0, 0, 0, 0),
('2025-04-30 23:59:59', 'MV-B', 'MV-B Trafo 4', 0, 0, 0, 0, 0, 0, 0, 0, 0, 0, 0, 0, 0, 0),
('2025-04-30 23:59:59', 'MV-C', 'MV-C Trafo 1', 0, 0, 0, 186107, 24611, 0, 0, 0, 0, 0, 0, 0, 0, 0),
('2025-04-30 23:59:59', 'MV-C', 'MV-C Trafo 2', 0, 0, 0, 359239, 224692, 0, 0, 0, 0, 0, 0, 0, 0, 0),
('2025-04-30 23:59:59', 'MV-U', 'MV-U Trafo 1', 0, 0, 0, 192792, 26334, 0, 0, 0, 0, 0, 0, 0, 0, 0),
('2025-04-30 23:59:59', 'MV-U', 'MV-U Trafo 2', 0, 0, 0, 214221, 29334, 0, 0, 0, 0, 0, 0, 0, 0, 0),

--MAY
('2025-05-01', 'MV-A', 'MV-A Trafo 1', 0, 0, 0, 0, 0, 0, 0, 0, 0, 0, 0, 0, 0, 0),
('2025-05-01', 'MV-A', 'MV-A Trafo 2', 0, 0, 0, 4426, 599, 0, 0, 0, 0, 0, 0, 0, 0, 0),
('2025-05-01', 'MV-A', 'MV-A Trafo 3', 0, 0, 0, 858, 60, 0, 0, 0, 0, 0, 0, 0, 0, 0),
('2025-05-01', 'MV-A', 'MV-A Trafo 4', 0, 0, 0, 442, 48, 0, 0, 0, 0, 0, 0, 0, 0, 0),
('2025-05-01', 'MV-B', 'MV-B Trafo 1', 0, 0, 0, 0, 0, 0, 0, 0, 0, 0, 0, 0, 0, 0),
('2025-05-01', 'MV-B', 'MV-B Trafo 2', 0, 0, 0, 3063, 900, 0, 0, 0, 0, 0, 0, 0, 0, 0),
('2025-05-01', 'MV-B', 'MV-B Trafo 3', 0, 0, 0, 739, 187, 0, 0, 0, 0, 0, 0, 0, 0, 0),
('2025-05-01', 'MV-B', 'MV-B Trafo 4', 0, 0, 0, 0, 0, 0, 0, 0, 0, 0, 0, 0, 0, 0),
('2025-05-01', 'MV-C', 'MV-C Trafo 1', 0, 0, 0, 1859, 382, 0, 0, 0, 0, 0, 0, 0, 0, 0),
('2025-05-01', 'MV-C', 'MV-C Trafo 2', 0, 0, 0, 5510, 1857, 0, 0, 0, 0, 0, 0, 0, 0, 0),
('2025-05-01', 'MV-U', 'MV-U Trafo 1', 0, 0, 0, 2177, 377, 0, 0, 0, 0, 0, 0, 0, 0, 0),
('2025-05-01', 'MV-U', 'MV-U Trafo 2', 0, 0, 0, 2660, 592, 0, 0, 0, 0, 0, 0, 0, 0, 0),

('2025-05-31 23:59:59', 'MV-A', 'MV-A Trafo 1', 0, 0, 0, 0, 0, 0, 0, 0, 0, 0, 0, 0, 0, 0),
('2025-05-31 23:59:59', 'MV-A', 'MV-A Trafo 2', 0, 0, 0, 380600, 64531, 0, 0, 0, 0, 0, 0, 0, 0, 0),
('2025-05-31 23:59:59', 'MV-A', 'MV-A Trafo 3', 0, 0, 0, 247322, 13945, 0, 0, 0, 0, 0, 0, 0, 0, 0),
('2025-05-31 23:59:59', 'MV-A', 'MV-A Trafo 4', 0, 0, 0, 96335, 7544, 0, 0, 0, 0, 0, 0, 0, 0, 0),
('2025-05-31 23:59:59', 'MV-B', 'MV-B Trafo 1', 0, 0, 0, 0, 0, 0, 0, 0, 0, 0, 0, 0, 0, 0),
('2025-05-31 23:59:59', 'MV-B', 'MV-B Trafo 2', 0, 0, 0, 250778, 62403, 0, 0, 0, 0, 0, 0, 0, 0, 0),
('2025-05-31 23:59:59', 'MV-B', 'MV-B Trafo 3', 0, 0, 0, 114316, 16153, 0, 0, 0, 0, 0, 0, 0, 0, 0),
('2025-05-31 23:59:59', 'MV-B', 'MV-B Trafo 4', 0, 0, 0, 0, 0, 0, 0, 0, 0, 0, 0, 0, 0, 0),
('2025-05-31 23:59:59', 'MV-C', 'MV-C Trafo 1', 0, 0, 0, 219616, 28208, 0, 0, 0, 0, 0, 0, 0, 0, 0),
('2025-05-31 23:59:59', 'MV-C', 'MV-C Trafo 2', 0, 0, 0, 416579, 271219, 0, 0, 0, 0, 0, 0, 0, 0, 0),
('2025-05-31 23:59:59', 'MV-U', 'MV-U Trafo 1', 0, 0, 0, 222504, 29790, 0, 0, 0, 0, 0, 0, 0, 0, 0),
('2025-05-31 23:59:59', 'MV-U', 'MV-U Trafo 2', 0, 0, 0, 251835, 33256, 0, 0, 0, 0, 0, 0, 0, 0, 0),

--JUN
('2025-06-01', 'MV-A', 'MV-A Trafo 1', 0, 0, 0, 0, 0, 0, 0, 0, 0, 0, 0, 0, 0, 0),
('2025-06-01', 'MV-A', 'MV-A Trafo 2', 0, 0, 0, 9470, 1814, 0, 0, 0, 0, 0, 0, 0, 0, 0),
('2025-06-01', 'MV-A', 'MV-A Trafo 3', 0, 0, 0, 6345, 412, 0, 0, 0, 0, 0, 0, 0, 0, 0),
('2025-06-01', 'MV-A', 'MV-A Trafo 4', 0, 0, 0, 2579, 213, 0, 0, 0, 0, 0, 0, 0, 0, 0),
('2025-06-01', 'MV-B', 'MV-B Trafo 1', 0, 0, 0, 0, 0, 0, 0, 0, 0, 0, 0, 0, 0, 0),
('2025-06-01', 'MV-B', 'MV-B Trafo 2', 0, 0, 0, 4004, 1294, 0, 0, 0, 0, 0, 0, 0, 0, 0),
('2025-06-01', 'MV-B', 'MV-B Trafo 3', 0, 0, 0, 2650, 426, 0, 0, 0, 0, 0, 0, 0, 0, 0),
('2025-06-01', 'MV-B', 'MV-B Trafo 4', 0, 0, 0, 0, 0, 0, 0, 0, 0, 0, 0, 0, 0, 0),
('2025-06-01', 'MV-C', 'MV-C Trafo 1', 0, 0, 0, 4890, 712, 0, 0, 0, 0, 0, 0, 0, 0, 0),
('2025-06-01', 'MV-C', 'MV-C Trafo 2', 0, 0, 0, 10288, 6450, 0, 0, 0, 0, 0, 0, 0, 0, 0),
('2025-06-01', 'MV-U', 'MV-U Trafo 1', 0, 0, 0, 5087, 672, 0, 0, 0, 0, 0, 0, 0, 0, 0),
('2025-06-01', 'MV-U', 'MV-U Trafo 2', 0, 0, 0, 5783, 738, 0, 0, 0, 0, 0, 0, 0, 0, 0),

('2025-06-30 23:59:59', 'MV-A', 'MV-A Trafo 1', 0, 0, 0, 0, 0, 0, 0, 0, 0, 0, 0, 0, 0, 0),
('2025-06-30 23:59:59', 'MV-A', 'MV-A Trafo 2', 0, 0, 0, 343515, 59476, 0, 0, 0, 0, 0, 0, 0, 0, 0),
('2025-06-30 23:59:59', 'MV-A', 'MV-A Trafo 3', 0, 0, 0, 220826, 13230, 0, 0, 0, 0, 0, 0, 0, 0, 0),
('2025-06-30 23:59:59', 'MV-A', 'MV-A Trafo 4', 0, 0, 0, 79287, 6443, 0, 0, 0, 0, 0, 0, 0, 0, 0),
('2025-06-30 23:59:59', 'MV-B', 'MV-B Trafo 1', 0, 0, 0, 0, 0, 0, 0, 0, 0, 0, 0, 0, 0, 0),
('2025-06-30 23:59:59', 'MV-B', 'MV-B Trafo 2', 0, 0, 0, 240827, 59721, 0, 0, 0, 0, 0, 0, 0, 0, 0),
('2025-06-30 23:59:59', 'MV-B', 'MV-B Trafo 3', 0, 0, 0, 102057, 15950, 0, 0, 0, 0, 0, 0, 0, 0, 0),
('2025-06-30 23:59:59', 'MV-B', 'MV-B Trafo 4', 0, 0, 0, 0, 0, 0, 0, 0, 0, 0, 0, 0, 0, 0),
('2025-06-30 23:59:59', 'MV-C', 'MV-C Trafo 1', 0, 0, 0, 197502, 27698, 0, 0, 0, 0, 0, 0, 0, 0, 0),
('2025-06-30 23:59:59', 'MV-C', 'MV-C Trafo 2', 0, 0, 0, 401124, 253463, 0, 0, 0, 0, 0, 0, 0, 0, 0),
('2025-06-30 23:59:59', 'MV-U', 'MV-U Trafo 1', 0, 0, 0, 190995, 24701, 0, 0, 0, 0, 0, 0, 0, 0, 0),
('2025-06-30 23:59:59', 'MV-U', 'MV-U Trafo 2', 0, 0, 0, 233999, 31822, 0, 0, 0, 0, 0, 0, 0, 0, 0);

--JUL
('2025-07-01', 'MV-A', 'MV-A Trafo 1', 0, 0, 0, 0, 0, 0, 0, 0, 0, 0, 0, 0, 0, 0),
('2025-07-01', 'MV-A', 'MV-A Trafo 2', 0, 0, 0, 3683, 550, 0, 0, 0, 0, 0, 0, 0, 0, 0),
('2025-07-01', 'MV-A', 'MV-A Trafo 3', 0, 0, 0, 3346, 206, 0, 0, 0, 0, 0, 0, 0, 0, 0),
('2025-07-01', 'MV-A', 'MV-A Trafo 4', 0, 0, 0, 255, 20, 0, 0, 0, 0, 0, 0, 0, 0, 0),
('2025-07-01', 'MV-B', 'MV-B Trafo 1', 0, 0, 0, 0, 0, 0, 0, 0, 0, 0, 0, 0, 0, 0),
('2025-07-01', 'MV-B', 'MV-B Trafo 2', 0, 0, 0, 2211, 680, 0, 0, 0, 0, 0, 0, 0, 0, 0),
('2025-07-01', 'MV-B', 'MV-B Trafo 3', 0, 0, 0, 1229, 187, 0, 0, 0, 0, 0, 0, 0, 0, 0),
('2025-07-01', 'MV-B', 'MV-B Trafo 4', 0, 0, 0, 0, 0, 0, 0, 0, 0, 0, 0, 0, 0, 0),
('2025-07-01', 'MV-C', 'MV-C Trafo 1', 0, 0, 0, 2553, 365, 0, 0, 0, 0, 0, 0, 0, 0, 0),
('2025-07-01', 'MV-C', 'MV-C Trafo 2', 0, 0, 0, 5257, 3208, 0, 0, 0, 0, 0, 0, 0, 0, 0),
('2025-07-01', 'MV-U', 'MV-U Trafo 1', 0, 0, 0, 2213, 269, 0, 0, 0, 0, 0, 0, 0, 0, 0),
('2025-07-01', 'MV-U', 'MV-U Trafo 2', 0, 0, 0, 3063, 417, 0, 0, 0, 0, 0, 0, 0, 0, 0),

('2025-07-30 23:59:59', 'MV-A', 'MV-A Trafo 1', 0, 0, 0, 0, 0, 0, 0, 0, 0, 0, 0, 0, 0, 0),
('2025-07-30 23:59:59', 'MV-A', 'MV-A Trafo 2', 0, 0, 0, 395990, 67203, 0, 0, 0, 0, 0, 0, 0, 0, 0),
('2025-07-30 23:59:59', 'MV-A', 'MV-A Trafo 3', 0, 0, 0, 245899, 14619, 0, 0, 0, 0, 0, 0, 0, 0, 0),
('2025-07-30 23:59:59', 'MV-A', 'MV-A Trafo 4', 0, 0, 0, 95186, 8283, 0, 0, 0, 0, 0, 0, 0, 0, 0),
('2025-07-30 23:59:59', 'MV-B', 'MV-B Trafo 1', 0, 0, 0, 0, 0, 0, 0, 0, 0, 0, 0, 0, 0, 0),
('2025-07-30 23:59:59', 'MV-B', 'MV-B Trafo 2', 0, 0, 0, 257369, 66091, 0, 0, 0, 0, 0, 0, 0, 0, 0),
('2025-07-30 23:59:59', 'MV-B', 'MV-B Trafo 3', 0, 0, 0, 118604, 17257, 0, 0, 0, 0, 0, 0, 0, 0, 0),
('2025-07-30 23:59:59', 'MV-B', 'MV-B Trafo 4', 0, 0, 0, 0, 0, 0, 0, 0, 0, 0, 0, 0, 0, 0),
('2025-07-30 23:59:59', 'MV-C', 'MV-C Trafo 1', 0, 0, 0, 213019, 30513, 0, 0, 0, 0, 0, 0, 0, 0, 0),
('2025-07-30 23:59:59', 'MV-C', 'MV-C Trafo 2', 0, 0, 0, 433789, 27759, 0, 0, 0, 0, 0, 0, 0, 0, 0),
('2025-07-30 23:59:59', 'MV-U', 'MV-U Trafo 1', 0, 0, 0, 220318, 27922, 0, 0, 0, 0, 0, 0, 0, 0, 0),
('2025-07-30 23:59:59', 'MV-U', 'MV-U Trafo 2', 0, 0, 0, 260530, 36695, 0, 0, 0, 0, 0, 0, 0, 0, 0);