2025-01-01 00:00:00.000	MV-I, 0, 0, 0, 160553776, 45067576, 0, 0, 0, 0, 0, 0, 0, 0, 0, 0
2025-01-01 08:00:00.000	MV-I, 0, 0, 0, 162416888, 45075878, 0, 0, 0, 0, 0, 0, 0, 0, 0, 0
2025-01-01 17:30:00.000	MV-I, 0, 0, 0, 29992944, 45154684, 0, 0, 0, 0, 0, 0, 0, 0, 0, 0
2025-01-01 21:00:00.000	MV-I, 0, 0, 0, 30343624, 45296488, 0, 0, 0, 0, 0, 0, 0, 0, 0, 0
2025-02-01 00:00:00.000	MV-I, 0, 0, 0, 162416888, 45296488, 0, 0, 0, 0, 0, 0, 0, 0, 0, 0
2025-02-01 08:00:00.000	MV-I, 0, 0, 0, 164144424, 45351857, 0, 0, 0, 0, 0, 0, 0, 0, 0, 0
2025-02-01 17:30:00.000	MV-I, 0, 0, 0, 30343624, 45465185, 0, 0, 0, 0, 0, 0, 0, 0, 0, 0
2025-02-01 21:00:00.000	MV-I, 0, 0, 0, 30669576, 45576384, 0, 0, 0, 0, 0, 0, 0, 0, 0, 0
2025-03-01 00:00:00.000	MV-I, 0, 0, 0, 164144432, 45576384, 0, 0, 0, 0, 0, 0, 0, 0, 0, 0
2025-03-01 08:00:00.000	MV-I, 0, 0, 0, 165810856, 45586450, 0, 0, 0, 0, 0, 0, 0, 0, 0, 0
2025-03-01 17:30:00.000	MV-I, 0, 0, 0, 30669576, 45596540, 0, 0, 0, 0, 0, 0, 0, 0, 0, 0
2025-03-01 21:00:00.000	MV-I, 0, 0, 0, 30977512, 45965352, 0, 0, 0, 0, 0, 0, 0, 0, 0, 0
2025-04-01 00:00:00.000	MV-I, 0, 0, 0, 165810856, 45965352, 0, 0, 0, 0, 0, 0, 0, 0, 0, 0
2025-04-01 08:00:00.000	MV-I, 0, 0, 0, 167458328, 45968552, 0, 0, 0, 0, 0, 0, 0, 0, 0, 0
2025-04-01 17:30:00.000	MV-I, 0, 0, 0, 30977512, 45972352, 0, 0, 0, 0, 0, 0, 0, 0, 0, 0
2025-04-01 21:00:00.000	MV-I, 0, 0, 0, 31286088, 46377200, 0, 0, 0, 0, 0, 0, 0, 0, 0, 0
2025-05-01 00:00:00.000	MV-I, 0, 0, 0, 167458328, 46377200, 0, 0, 0, 0, 0, 0, 0, 0, 0, 0
2025-05-01 08:00:00.000	MV-I, 0, 0, 0, 169375176, 46379521, 0, 0, 0, 0, 0, 0, 0, 0, 0, 0
2025-05-01 17:30:00.000	MV-I, 0, 0, 0, 31286088, 46385215, 0, 0, 0, 0, 0, 0, 0, 0, 0, 0
2025-05-01 21:00:00.000	MV-I, 0, 0, 0, 31646048, 46881264, 0, 0, 0, 0, 0, 0, 0, 0, 0, 0
2025-06-01 00:00:00.000	MV-I, 0, 0, 0, 169375176, 46881264, 0, 0, 0, 0, 0, 0, 0, 0, 0, 0
2025-06-01 08:00:00.000	MV-I, 0, 0, 0, 171098048, 46885126, 0, 0, 0, 0, 0, 0, 0, 0, 0, 0
2025-06-01 17:30:00.000	MV-I, 0, 0, 0, 31646048, 46888124, 0, 0, 0, 0, 0, 0, 0, 0, 0, 0
2025-06-01 21:00:00.000	MV-I, 0, 0, 0, 31969648, 47341728, 0, 0, 0, 0, 0, 0, 0, 0, 0, 0
2025-07-01 00:00:00.000	MV-I, 0, 0, 0, 171098048, 47341728, 0, 0, 0, 0, 0, 0, 0, 0, 0, 0
2025-07-01 08:00:00.000	MV-I, 0, 0, 0, 173035552, 47443554, 0, 0, 0, 0, 0, 0, 0, 0, 0, 0
2025-07-01 17:30:00.000	MV-I, 0, 0, 0, 31969648, 47552421, 0, 0, 0, 0, 0, 0, 0, 0, 0, 0
2025-07-01 21:00:00.000	MV-I, 0, 0, 0, 32341952, 47862640, 0, 0, 0, 0, 0, 0, 0, 0, 0, 0
